array([[16777215, 16777215],
       [16777215, 16777215],
       [16777215, 16777215],
       [16777215, 16777215],
       [16777215, 16777215],
       [16777215, 16777215],
       [16777215, 16777215],
       [16777215, 16777215],
       [16777215, 16777215],
       [16777215, 16777215],
       [16777215, 16777215],
       [16777215, 16777215],
       [16777215, 16777215],
       [16777215, 16777215],
       [16777215, 16777215],
       [16777215, 16777215],
       [16777215, 16777215],
       [16777215, 16777215],
       [16711422, 16777215],
       [16777215, 16777215],
       [16777215, 16777215],
       [16777215, 16777215],
       [16777215, 16777215],
       [16777213, 16777215],
       [16777215, 16777215],
       [16777215, 16777215],
       [16777215, 16777215],
       [16777215, 16777215],
       [16777215, 16777215],
       [16777215, 16777215],
       [16777215, 16777215],
       [16777215, 16777215],
       [16777215, 16777215],
       [16777215, 16777215],
       [16777215, 16777215],
       [16777215, 16777215],
       [16777215, 16777215],
       [16777215, 16777215],
       [16777215, 16777215],
       [16777215, 16777215],
       [16777211, 16777215],
       [16777211, 16777215],
       [16777211, 16777215],
       [16777211, 16777215],
       [16777213, 16777215],
       [16776953, 16777215],
       [16645880, 16777215],
       [15724778, 16777215],
       [15657180, 16777215],
       [14736593, 16777215],
       [15132382, 16777215],
       [16711420, 16777215],
       [16777215, 16777215],
       [16777213, 16777215],
       [16711673, 16777215],
       [16711673, 16777215],
       [16777215, 16777215],
       [16711679, 16777215],
       [16711420, 16777215],
       [16711420, 16777215],
       [16777213, 16777215],
       [16777213, 16777215],
       [16711677, 16777215],
       [16711679, 16777215],
       [16777215, 16777215],
       [16777215, 16777215],
       [16777215, 16777215],
       [16777215, 16777215],
       [16711679, 16777215],
       [16711679, 16777215],
       [16776703, 16777215],
       [16776703, 16777215],
       [16777213, 16777215],
       [16777213, 16777215],
       [16777213, 16777215],
       [16777213, 16777215],
       [16711677, 16777215],
       [16711420, 16777215],
       [16777213, 16777215],
       [16777213, 16777215],
       [16711679, 16777215],
       [16711679, 16777215],
       [16711679, 16777215],
       [16711679, 16777215],
       [16711679, 16777215],
       [16777215, 16777215],
       [16777215, 16777215],
       [16777215, 16777215],
       [16711422, 16777215],
       [16777215, 16777215],
       [16776959, 16777215],
       [16777215, 16777215],
       [16777215, 16777215],
       [16777215, 16777215],
       [16777215, 16777215],
       [16776702, 16777215],
       [16711422, 16777215],
       [16777215, 16777215],
       [16777215, 16777215],
       [16777215, 16777215],
       [16777215, 16777215],
       [16777215, 16777215],
       [16777215, 16777215],
       [16777211, 16777215],
       [16777213, 16777215],
       [16777213, 16777215],
       [16777215, 16777215],
       [16777213, 16777215],
       [16777213, 16777215],
       [16777213, 16777215],
       [16777213, 16777215],
       [16777213, 16777215],
       [16777211, 16777215],
       [16777213, 16777215],
       [16777215, 16777215],
       [16777215, 16777215],
       [16580607, 16777215],
       [16711679, 16777215],
       [16711679, 16777215],
       [16777215, 16777215],
       [16777215, 16777215],
       [16777215, 16777215],
       [16777215, 16777215],
       [16777215, 16777215],
       [16777215, 16777215],
       [16777215, 16777215],
       [16777215, 16777215],
       [16777215, 16777215],
       [16777215, 16777215],
       [16777215, 16777215],
       [16777215, 16777215],
       [16777215, 16777215],
       [16777215, 16777215],
       [16777215, 16777215],
       [16777215, 16777215],
       [16777215, 16777215],
       [16777215, 16777215],
       [16777213, 16777215],
       [16777213, 16777215],
       [16777213, 16777215],
       [16711420, 16777215],
       [16645627, 16777215],
       [16711420, 16777215],
       [16711674, 16777215],
       [16711673, 16777215],
       [16777207, 16777215],
       [16645880, 16777215],
       [16580345, 16777215],
       [16711669, 16777215],
       [15392462, 16777215],
       [16711422, 16777215],
       [16777215, 16777215],
       [16711422, 16777215],
       [16777215, 16777215],
       [16777215, 16777215],
       [16777215, 16777215],
       [16777215, 16777215],
       [16777215, 16777215],
       [16777213, 16777215],
       [16777211, 16777215],
       [16777207, 16777215],
       [16711410, 16777215],
       [16317157, 16777215],
       [16382433, 16777215],
       [16776930, 16777215],
       [16580062, 16777215],
       [16711398, 16777215],
       [16711396, 16777215],
       [16777187, 16777215],
       [16777181, 16777215],
       [16711394, 16777215],
       [16776937, 16777215],
       [16710893, 16777215],
       [16711410, 16777215],
       [16711673, 16777215],
       [16250861, 16777215],
       [15856356, 16777215],
       [15987689, 16777215],
       [16053482, 16777215],
       [15922409, 16777215],
       [15922149, 16777215],
       [15856614, 16777215],
       [15725030, 16777215],
       [15921896, 16777215],
       [16052201, 16777215],
       [16117994, 16777215],
       [15856616, 16777215],
       [14414300, 16777215],
       [11788479, 16777215],
       [ 8898718, 16777215],
       [ 8569501, 16777215],
       [ 8700571, 16777215],
       [ 8960924, 16777215],
       [10075291, 16777215],
       [13152922, 16777215],
       [14585475, 16777215],
       [14714240, 16777215],
       [14386815, 16777215],
       [14583165, 16777215],
       [14975868, 16777215],
       [14910845, 16777215],
       [14713466, 16777215],
       [14713464, 16777215],
       [14855589, 16777215],
       [14339267, 16381417],
       [14472651, 15986659],
       [14079690, 15066848],
       [14409167, 14476000],
       [12369587, 15660266],
       [12436407, 13160912],
       [13356482, 13819101],
       [13355199, 15528175],
       [13683653, 15725554],
       [14275527, 14410209],
       [11773597, 15332341],
       [11313551, 13358551],
       [12168595, 13292758],
       [11182482, 13095376],
       [11445913, 12897999],
       [11841436, 12898000],
       [11907229, 12765900],
       [11314838, 12700367],
       [11249299, 16777215],
       [11841435, 16777215],
       [12565158, 16777215],
       [12169887, 16777215],
       [11905686, 16777215],
       [13736835, 16711422],
       [14197384, 16777213],
       [13934210, 16777215],
       [13473659, 16777215],
       [13080700, 16777215],
       [13214341, 16383999],
       [12950402, 16777205],
       [13081988, 16777215],
       [13213574, 11978738],
       [13082502, 12702972],
       [13345160, 12900605],
       [13412237, 12704255],
       [13609873, 13557503],
       [13938838, 13163775],
       [14201753, 12441342],
       [14201752, 12178171],
       [14333338, 12113147],
       [14004886, 11848692],
       [14003603, 11651056],
       [13871504, 12112126],
       [13674125, 12440319],
       [13541770, 11653119],
       [13146754, 11980538],
       [12949375, 12045820],
       [13080708, 11124972],
       [13278341, 10597598],
       [13803144, 10860257],
       [13540483, 11584494],
       [13475460, 11255529],
       [13015166, 12110837],
       [12554892, 11781873]])