array([[ 2106932,  2237748],
       [ 2173238,  2238777],
       [ 2829628,  2829885],
       [ 2698299,  2895678],
       [ 3422024,  3487817],
       [ 3553097,  3357258],
       [ 2831168,  2764862],
       [ 2764862,  2699582],
       [ 2764860,  2896446],
       [ 2633274,  2699067],
       [ 2829885,  2961471],
       [ 2764092,  2829628],
       [ 2501690,  2764862],
       [ 2764862,  2633276],
       [ 2633278,  2699071],
       [ 3422794,  2764864],
       [ 3817552,  3883345],
       [ 3686223,  3752016],
       [ 3423051,  3554637],
       [ 3554637,  3357258],
       [ 3291465,  3291467],
       [ 3291717,  3489096],
       [ 3160133,  3094340],
       [12960192, 13025472],
       [11250090, 11175787],
       [11175785, 11503470],
       [11109994, 11307373],
       [11043688, 10057053],
       [ 9859163,  9925467],
       [ 9596250,  8610385],
       [ 8939352,  8742482],
       [ 8743251,  8349006],
       [ 8545872,  8546130],
       [ 8545873,  8349012],
       [ 8808277,  8546134],
       [ 8939348,  8545619],
       [ 8807762,  8873555],
       [ 8874586,  9135699],
       [ 8677466,  9665896],
       [ 9478856, 12900092],
       [ 9281225, 12439541],
       [ 8162998, 12372467],
       [ 8886721, 12241394],
       [ 8689601, 12373750],
       [ 8689601, 11518700],
       [ 9544910, 11123942],
       [ 9675983, 10795747],
       [10335196, 10269661],
       [10071001,  9742290],
       [10136535,  9018567],
       [ 9874392,  8097979],
       [ 9480147,  7966906],
       [ 8361666,  8164285],
       [ 6453156,  8426430],
       [ 6978984,  9018566],
       [14744062, 10598875],
       [13955326,  9545688],
       [12769535,  9479895],
       [12111865,  9282517],
       [11322099,  8229575],
       [10862061,  9875166],
       [ 8888271, 10598889],
       [ 8032960, 10993392],
       [ 8822476, 11256817],
       [ 9677785, 11190765],
       [10993386,  8625095],
       [11519987,  9414865],
       [11650801, 10400987],
       [11058664, 10268370],
       [ 9347783,  6846360],
       [ 9412285,  5990010],
       [ 8556198,  5987698],
       [ 7238535,  5789281],
       [ 8223884,  6249826],
       [ 6579312,  6117207],
       [ 6446950,  6841696],
       [ 6775915,  6513758],
       [ 7828858,  6316380],
       [ 7960442,  6447966],
       [ 7104617,  8290170],
       [ 6644062,  7171176],
       [ 6973282,  6644831],
       [ 7367528,  6710627],
       [ 6973027,  6973031],
       [ 8814974,  7565166],
       [ 7040103,  6644831],
       [ 6579038,  6974561],
       [ 6842210,  6711389],
       [ 6250586,  6185045],
       [ 6184280,  6645342],
       [ 7368808,  6644832],
       [ 6973796,  7368554],
       [ 7565933,  8289656],
       [ 7368554,  7763312],
       [ 6842210,  6973796],
       [ 7236968,  6842210],
       [ 7631726,  7236968],
       [ 6711137,  6973796],
       [ 6711137,  6842210],
       [ 6973282,  6842210],
       [ 7631212,  6644317],
       [ 6446423,  7104607],
       [ 7171429,  7039843],
       [ 8026995,  7960691],
       [ 6512731,  7499113],
       [ 7368804, 11184533],
       [ 7236703, 11184535],
       [ 7499876, 11315608],
       [ 7039071, 10724502],
       [ 6709595,  9473155],
       [ 6250073,  6513499],
       [ 5460558,  5658449],
       [ 5394764,  5065285],
       [ 5986387,  5131078],
       [ 6315350,  5920592],
       [ 7368038,  6512729],
       [ 7762796,  7565417],
       [ 7697519,  7499626],
       [ 7894898,  8223863],
       [ 8092277,  7894898],
       [ 8092531,  8816000],
       [ 7302764,  7960691],
       [ 7631980,  7368808],
       [ 7566187,  7303015],
       [ 8026738,  7368808],
       [ 9079426,  8092531],
       [ 9211012,  7566187],
       [12040111,  7697773],
       [ 8421496,  7829359],
       [ 7171427,  6908255],
       [ 8487287,  8487287],
       [ 8421494,  8487287],
       [ 8421494,  8355701],
       [ 8750459,  9474182],
       [ 9408389,  8618873],
       [ 9079424,  8618873],
       [ 6052946,  7105634],
       [ 8618873,  7697771],
       [ 8684666,  8026736],
       [ 8224115,  8487287],
       [ 8224115,  8224115],
       [ 8421494,  8947838],
       [ 7697255, 10000524],
       [12170925, 11973799],
       [10394768,  9013115],
       [ 9276286,  8685176],
       [10329744,  9408642],
       [10065289, 10131082],
       [ 9144701,  9209981],
       [12435126,  9737356],
       [ 9538948,  9014144],
       [ 9605252,  9474180],
       [11644835, 10394768],
       [ 9013115,  9540486],
       [ 9671045,  9474180],
       [10132110,  9606279],
       [ 9539973,  9803145],
       [ 9079422,  8421492],
       [ 8816250,  8487798],
       [ 9276801,  8947836],
       [ 8882043,  9474693],
       [ 8947068,  9013631],
       [ 8354931,  8947838],
       [ 8025966,  8683896],
       [ 9210240,  9144447],
       [ 8947068,  9802377],
       [ 8881018, 10131085],
       [11446945,  9867913],
       [12170668,  9867913],
       [ 9868424,  9605252],
       [12368558, 11052698],
       [10460307, 10131342],
       [ 9868172, 10197139],
       [ 9999758,  9736586],
       [ 9736584,  9407619],
       [ 9802377, 10723479],
       [ 9802377, 10855065],
       [ 9407619,  9736584],
       [11118491, 10065549],
       [10065803,  9276287],
       [ 9276287,  8947322],
       [10460560, 10460561],
       [ 9078654,  9341826],
       [10065549,  8881275],
       [10657690, 10394518],
       [ 9210242,  9210242],
       [ 9276033,  9341826],
       [10394514,  9341826],
       [10131596,  9802631],
       [ 8486771,  9671045],
       [ 9078908,  9736838],
       [ 8947068,  8683896],
       [ 7565415,  8157552],
       [ 8223088,  7960173],
       [ 8354931,  8289138],
       [ 8749689,  9539205],
       [ 8683896,  9604998],
       [ 8749689,  9407619],
       [ 9144447,  9342596],
       [ 8947068,  9276033],
       [ 9342596,  8487287],
       [ 9934731,  8882047],
       [ 8487287,  8618873],
       [ 9079424, 10066319],
       [ 9934733, 10066319],
       [ 9934733, 10066319],
       [ 9540228,  9474180],
       [10461075, 10000524],
       [10000524, 10790040],
       [ 9342594, 13619139],
       [10461075, 10526868],
       [10395282,  9803145],
       [ 9737352,  9803145],
       [10132110, 10000524],
       [10066317, 10329489],
       [10132110,  9934731],
       [10066317, 10197903],
       [10198416, 10330002],
       [10658967, 10461588],
       [ 9540486,  9079935],
       [ 9737352,  9342594],
       [11316384,  9671559],
       [ 9868424, 10131596],
       [ 9276287,  9671045],
       [ 9539459,  9671045],
       [10526868,  9803145],
       [11382177, 10658454],
       [11513763, 11184798],
       [10987419, 10132110],
       [11645349, 11119005],
       [12566451, 11513763],
       [10592916, 10724247],
       [11514018, 10395537],
       [10000526,  9868938],
       [10066319, 10263698],
       [10790042, 10592663],
       [10592663,  9737354],
       [ 9671561,  9868940],
       [10460561,  9868940],
       [12105902, 11119005],
       [12369072, 10921626],
       [11908521, 10132365],
       [10526868, 10132365],
       [10132110, 10066317],
       [10000526,  9540228],
       [ 9803147,  9671561],
       [ 9671561,  9868940],
       [ 9934733,  9671820],
       [ 9474695,  9474695],
       [ 9606281,  8882558],
       [10789274,  8947068],
       [10197903,  8683896],
       [10197907,  8948608],
       [ 8948351,  9079937],
       [ 9211520,  8948351],
       [ 9211521,  9277314],
       [ 9343107,  9343107],
       [ 9539973,  9474693]])