array([[ 3094581,  5323039],
       [13751230, 13560540],
       [15724778,  3617839],
       [15657180,  3689072],
       [14736593, 11382690],
       [15132382,  2699605],
       [16711677, 13748409],
       [14933183,  4079930],
       [16777202, 14011581],
       [16777205,  4280439],
       [16711412,  5071764],
       [16776703, 11120822],
       [11774100, 16777215],
       [16777213,  3225431],
       [11380625, 16449279],
       [16777215,  3029854],
       [16777215, 15265015],
       [16777215,  8091235],
       [16777215,  9735555],
       [16777215,  8289138],
       [16777215, 15724265],
       [ 8091248,  6646693],
       [16711674, 16711422],
       [16645880,  8354420],
       [16580345,  7369068],
       [16710642, 16515071],
       [15392462, 10397353],
       [10785667,  2769795],
       [10261129, 16645368],
       [16711422,  8748392],
       [16711410, 16777215],
       [16711414,  8551534],
       [16777205,  7303308],
       [16512475,  8617065],
       [16580062, 16777215],
       [16711398,  8683120],
       [16776676,  8683372],
       [16777191, 10066078],
       [16711673,  8354933],
       [16777210,  9011311],
       [16776937,  9406324],
       [16711665,  7432802],
       [16711673,  8222571],
       [16250861, 16777195],
       [15922409,  8091500],
       [15725030,  9477801],
       [ 7827562, 11050894],
       [15725030,  8353894],
       [15529958,  8288113],
       [11788479, 16315360],
       [ 8569501,  4806264],
       [ 8700571, 15857401],
       [ 8240273, 10727868],
       [ 8174225, 15791609],
       [ 8043411, 16776938],
       [ 7973768, 16120574],
       [ 7714959,  6779789],
       [ 8108436, 16252409],
       [ 7910544, 16121343],
       [13817792, 16252159],
       [13152922,  9602931],
       [14585475, 16579549],
       [14714240,  7106932],
       [14386815, 16775651],
       [14583165,  7042159],
       [14319217, 13684936],
       [14253943, 16777195],
       [14385529,  7564386],
       [14581625, 16776437],
       [14516344,  6581105],
       [14450551, 16512216],
       [14450294,  9868164],
       [14975868, 13427414],
       [14910845, 16777215],
       [14713466, 14016481],
       [14713464,  7305090],
       [14581625, 11582387],
       [14582137, 16515071],
       [14253172,  9872297],
       [14253172, 15915989],
       [14383478, 16777215],
       [14317685,  9674404],
       [14448242, 16776953],
       [14120046, 16776954],
       [14120559, 15254710],
       [14185840, 16711412],
       [14054000, 10853768],
       [13988207, 10721412],
       [13922927, 16774122],
       [14855589, 10922929],
       [14409167, 16776437],
       [ 9211523, 10070191],
       [ 8224885, 16645370],
       [12436407,  7635346],
       [ 8553850, 16777215],
       [13356482,  8355972],
       [ 9801088, 16777213],
       [10129277, 16711147],
       [ 9601904, 11449009],
       [ 8286042, 16777205],
       [ 8811875, 13813173],
       [ 9272426, 16645631],
       [ 9929843,  9675433],
       [10127224, 16777205],
       [ 8614243, 16711673],
       [ 8483690, 12297865],
       [ 9142131, 16776686],
       [11445913, 10855059],
       [11841436, 16645367],
       [10788234, 16777210],
       [11907229, 15786695],
       [11841435, 14470586],
       [10986126,  5987939],
       [12565158,  6120291],
       [10526090, 16710885],
       [12169887,  7168355],
       [11905686,  4603718],
       [ 5786700, 11965840],
       [ 4603718, 15191486],
       [ 5523532, 14662314],
       [ 4077887, 16770255],
       [ 3946301, 13542291],
       [ 3881027,  8874596],
       [ 4143167, 12688531],
       [ 4142649, 11769490],
       [ 6310728,  9139055],
       [ 5127226, 16775148],
       [ 9007463, 16776686],
       [ 4796717, 16572618],
       [ 5125682, 16700352],
       [ 7619630, 11579368],
       [13736835,  1192072],
       [14197384, 16576203],
       [13934210,  2045047],
       [13473659, 16707277],
       [13014137,  1520772],
       [12817526, 16775900],
       [13145723,  5081077],
       [13080700, 16774104],
       [12621689,  8417682],
       [12818298, 16636602],
       [12817789, 16636094],
       [13214341,  2504046],
       [12555644,  4222159],
       [12490364, 16635314],
       [14201753,  8543573],
       [13015168, 11972798],
       [ 8083542,  2109286],
       [12620668,  4943815],
       [10779236,  2240355],
       [10976361,  3762637],
       [10779497,  2306149],
       [10188388,  3827660],
       [10122595,  1650788],
       [ 9464415,  2177397],
       [ 8740951, 10331594],
       [10647660,  6310989],
       [12028798, 15724024],
       [12752258,  3747137],
       [13080708, 16182499],
       [13278341, 16641268],
       [13737864, 16183550],
       [13540483, 12898803],
       [ 9401199,  4469037],
       [ 8279375, 13818096],
       [10383983,  1451091],
       [11765890, 13686258],
       [12554892,   925515],
       [10126239,  3439599],
       [ 4741293,  1779535],
       [ 3702512,  1451356],
       [ 3638005,  1259657],
       [ 4029416,   861541],
       [ 1982350,  1712446],
       [ 1450832,  4420829],
       [ 1711932,  3629234],
       [ 1580859,  3431601],
       [ 1778236,  2906542],
       [ 1645880,  2905509],
       [ 1120296,  3828430],
       [ 1714003,  3235262],
       [ 1516624,  1384250],
       [ 1516624,  7043747],
       [ 1648211,  3563967],
       [ 1253440,   923179],
       [ 1186616,  3432382],
       [ 1449274,  3301065],
       [ 1251894,  2907336],
       [ 1317426,  1122126],
       [ 1448753,  2907075],
       [ 1316913,  3432641],
       [ 1382708,  1122126],
       [ 1383219,  3435474],
       [ 1383219,  3303377],
       [ 1316913,  3103417],
       [ 1316913,  3105998],
       [ 1185578,  3104187],
       [ 1317164,  2841537],
       [ 1185578,  3235515],
       [ 1251371,  2908876],
       [ 1382957,  3499725],
       [ 1449004,  3039176],
       [ 1317164,   531032],
       [ 1054506,  3566038],
       [ 1119785,  2578622],
       [ 1251625,  2708910],
       [ 1119785,   730984],
       [ 1120298,  2973899],
       [ 1251885,  1851283],
       [ 1054503,  3499990],
       [ 1186604,  2974150],
       [ 1055018,  3369168],
       [ 1054505,   204387],
       [ 1251133,  2906038],
       [ 1054266,  3103929],
       [ 1251390,  3630028],
       [  923195,  2971314],
       [  988988,  2709169],
       [  923454,   861537],
       [ 1055040,  3235777],
       [ 1055044,  2709429],
       [ 1318216,  2972856],
       [  923458,  2905784],
       [  990029,   660005],
       [ 1056335,  3302094],
       [  926295, 12108494],
       [  664158, 16118772],
       [  599143, 16053231],
       [  272249, 12171453],
       [ 1128848,  1118493],
       [14541541, 15592430],
       [ 1918639,  8355703],
       [ 3500503, 13225684],
       [ 2579143,  4145998],
       [ 2250178, 10789800],
       [ 2513608,   987172],
       [ 2447815, 10001322],
       [ 1921983,  1778757],
       [ 2446787,   462129],
       [ 2446787,  2833775],
       [ 2578114,   594984],
       [ 2381762,   790830],
       [ 2183867,   725030],
       [ 3104709,     4934],
       [ 3040203,  2906307],
       [ 2711500,   529216],
       [ 2710987,    68684],
       [ 2841032,  2578622],
       [ 2513356,   397882],
       [ 2908366,   726595],
       [ 2251975,   794729],
       [ 2186436,   528696],
       [ 2186183,   725816],
       [ 2251976,  2249396],
       [ 2251463,   595522],
       [ 2317511,   661316],
       [ 2843085,  2971840],
       [ 1522567,   462125]])