array([[ 3290440,  1645865],
       [ 2041141,  2699071],
       [ 2435381,  2764864],
       [ 2895932,  3357258],
       [ 3027264,  3094340],
       [ 2435127,  3357512],
       [ 3422790,  3291719],
       [ 2764864,  3356999],
       [ 3159622,  3028034],
       [ 3357001,  3028034],
       [ 3028036,  3291208],
       [ 3817298,  2634048],
       [ 3949910,  3620430],
       [ 4475742,  3160133],
       [ 3356747,  3028547],
       [ 2896709,  3028293],
       [ 3159622,  3028293],
       [11051684,  3686223],
       [11578028, 14670812],
       [11906993,  9736333],
       [  923195, 10591385],
       [ 4517565, 12697022],
       [ 4517567, 13025472],
       [ 5991576, 12037547],
       [ 2451818, 11043437],
       [  857401,  9267799],
       [  725815,  9137493],
       [ 4251828,  9202005],
       [ 6846360,  9137239],
       [  792891,  8216908],
       [  987958,  8215888],
       [ 5531278,  7625293],
       [14607077,  7690574],
       [  922929,  6771538],
       [  857136,  6837582],
       [ 4147816,  8610385],
       [  988723,  8808025],
       [ 6911898,  8808541],
       [16053500,  8742482],
       [  922927,  8546130],
       [  922668,  8349012],
       [14935262,  8545619],
       [  857134,  8873555],
       [ 6780827,  9135699],
       [ 1382441,  9662556],
       [14737370,  9665896],
       [14079692,  9868172],
       [14737622, 11381150],
       [ 9277064, 11512738],
       [ 3359329, 10263446],
       [ 1644827, 10396331],
       [ 1252646,  9807045],
       [ 1776937, 11124192],
       [ 1185313, 11849455],
       [ 1448483, 12309236],
       [  987156, 12439541],
       [ 1316899, 12372467],
       [  987934, 12241394],
       [  922141, 12110578],
       [ 4276547, 12373750],
       [ 5263442, 11518700],
       [ 7500404,  9742290],
       [ 4736844,  9018566],
       [ 4539719, 11320808],
       [ 9868950, 10598875],
       [10263967, 11981043],
       [  988988, 12573950],
       [  857401, 11718138],
       [ 6447455, 10796783],
       [ 3618617,  9545688],
       [ 4276034,  9545688],
       [  790830,  9479895],
       [ 6710625,  9282517],
       [ 6841696,  8229575],
       [ 1053745,  7769535],
       [10724259,  9875166],
       [10198174, 10993392],
       [ 4604734, 11256817],
       [ 6841443, 11190765],
       [ 7433580,  8625095],
       [ 5262929,  9414865],
       [ 3685184, 10400987],
       [ 4145735, 10268370],
       [  857651,  6846360],
       [  922417,  5990010],
       [  790831,  5987698],
       [ 1908259,  5789281],
       [ 1908259,  6249826],
       [ 1842980,  6117207],
       [ 5788496,  6841696],
       [ 1318982,  6513758],
       [ 1842980,  6316380],
       [  990791,  6447966],
       [ 1188687,  8290170],
       [ 1514019,  7171176],
       [ 1579810,  6644831],
       [ 1711396,  6710627],
       [ 1908005,  6973031],
       [ 1448224,  7565166],
       [ 1514017,  6644831],
       [ 1776419,  6974561],
       [ 1514017,  6711389],
       [ 1579294,  6185045],
       [ 1777191,  6645342],
       [ 1579040,  6644832],
       [ 1842212,  7368554],
       [ 1907746,  8289656],
       [ 2170917,  7763312],
       [ 1579294,  6973796],
       [ 1776673,  6842210],
       [ 1842466,  7236968],
       [ 1447708,  6973796],
       [ 3684149,  6842210],
       [ 5591114,  6842210],
       [ 5459530,  6644317],
       [ 4210752,  7104607],
       [ 5064770,  7039843],
       [ 5920081,  7960691],
       [ 4275769,  7499113],
       [ 4275256,  6973282],
       [ 5130565,  7039075],
       [ 5722954,  8947573],
       [ 8288364, 11184533],
       [ 7695972, 11184535],
       [ 7695974, 11315608],
       [ 2959404, 10724502],
       [ 6971736,  9473155],
       [ 6840663,  6513499],
       [ 6116944,  5658449],
       [ 2762793,  5065285],
       [ 3289139,  5131078],
       [ 4012344,  5920592],
       [ 4012344,  6512729],
       [ 4735807,  6775901],
       [ 4801600,  7565417],
       [ 4538941,  7499626],
       [ 4473662,  7960177],
       [ 6117460,  7960945],
       [ 9145476,  7960691],
       [ 5656909,  8223863],
       [ 5985358,  7894898],
       [ 5656140,  8816000],
       [ 5327942,  7368808],
       [ 6773848,  7303015],
       [ 4999231,  7368808],
       [ 8156523,  9408391],
       [ 7169115,  8026738],
       [ 8419182,  7697773],
       [ 1974317,  8092531],
       [ 5130565,  7566187],
       [ 6445907,  7697773],
       [ 2172209,  7829359],
       [ 1711658,  6908255],
       [ 1909037,  8487287],
       [ 2698039,  7829357],
       [ 2566453,  8158322],
       [ 2172208,  8421494],
       [ 8879988,  8487287],
       [ 1711657,  8355701],
       [ 1777450,  9474182],
       [ 1842730,  8618873],
       [ 4409170,  8618873],
       [ 6777718,  7105634],
       [ 2632246,  7697771],
       [ 2895672,  8026736],
       [ 3619395,  8487287],
       [ 2500914,  8224115],
       [ 3817031,  8947838],
       [ 5066069, 10000524],
       [ 2632500, 10197135],
       [ 8159110,  8552310],
       [ 8093317,  9013115],
       [ 2961463,  8685176],
       [ 2698289, 10131082],
       [ 3947071,  9604998],
       [ 3290430,  9737356],
       [ 2500910,  9474180],
       [ 6251375, 10394768],
       [ 6317684,  9540486],
       [ 5396330,  9803145],
       [ 3487037,  8487798],
       [ 3683905,  8947836],
       [ 3093310,  9474693],
       [ 3224633,  9144447],
       [ 2961722,  9605252],
       [ 3224637, 10197139],
       [ 3158590, 10723479],
       [ 3092797,  9276287],
       [ 3290176,  8947322],
       [ 3422016,  9341826],
       [ 3027004, 10394518],
       [ 4605258,  9210242],
       [ 3422525,  9341826],
       [ 3422014,  9341826],
       [ 2763832,  9802631],
       [ 3289660,  9671045],
       [ 2566707,  9736838],
       [ 2895672,  8683896],
       [ 1579559,  8157552],
       [ 3158074,  9539205],
       [ 3552830,  9407619],
       [ 3422527,  9342596],
       [ 3749698,  9276033],
       [ 3487039,  8882047],
       [ 4671051, 10066319],
       [ 3816523, 10066319],
       [ 2961465, 10066319],
       [ 3224637,  9474180],
       [ 4210500, 10000524],
       [ 3290687, 10790040],
       [ 3026753, 13619139],
       [ 4210500, 10526868],
       [ 3027515,  9803145],
       [ 1777450,  9803145],
       [ 1909036, 10000524],
       [ 2830136, 10329489],
       [ 1580071,  9934731],
       [ 1645864, 10197903],
       [ 3420987, 10330002],
       [ 4342597, 10461588],
       [ 3027258,  9079935],
       [ 1186083,  9342594],
       [ 1382692,  9671559],
       [ 1382692, 10131596],
       [ 3354940,  9671045],
       [ 3486526,  9671045],
       [ 2830136,  9803145],
       [ 1711658, 10658454],
       [ 2632500, 11184798],
       [ 2961465, 11513763],
       [ 3027256, 10132110],
       [ 4935253,  9737352],
       [ 2828850, 11119005],
       [ 5855585, 11513763],
       [ 4013121, 10724247],
       [ 8158081, 10395537],
       [ 3157813, 11514018],
       [ 3420984,  9868938],
       [ 5066320,  8948091],
       [ 3158072,  9211010],
       [ 3553083, 10263698],
       [ 7040364, 10592663],
       [ 4473411,  9737354],
       [ 3750203,  9868940],
       [ 7631988, 10131342],
       [ 4078914, 11119005],
       [ 4210493, 10066317],
       [ 2895932,  9540228],
       [ 3815992,  9868940],
       [ 8026744,  9671820],
       [ 4736585,  8947068],
       [ 4145218,  8683896],
       [ 4144961,  8948608],
       [ 4276547,  9079937],
       [ 4210754,  8948351],
       [ 4144961,  9277314],
       [ 3552560,  9343107],
       [ 3881525,  3222317]])