array([[16777215, 16777215],
       [16777215, 11043437],
       [16777215,  9925467],
       [16777215,  9530709],
       [16777215,  9530457],
       [16777215,  9727579],
       [16777215,  9662046],
       [16777215,  9662046],
       [16777215,  9333081],
       [16777215,  8546134],
       [16777215,  9807045],
       [ 1590177,  9018567],
       [ 1656230,  8097979],
       [ 1919402,  7966906],
       [ 2182572,  8164285],
       [ 1721763,  8426430],
       [ 2247591,  9018566],
       [ 1983388, 11320808],
       [ 1786262, 10926561],
       [ 1193353,  9150922],
       [ 1587333,  8819909],
       [ 1455228,  8360383],
       [ 1389435,  8558267],
       [ 1454969, 10598875],
       [ 1192308, 11981043],
       [ 1518703, 12573950],
       [ 1190765, 11718138],
       [ 1256045, 11191796],
       [ 1124713, 10796783],
       [ 1387113,  9545688],
       [ 1321320,  9545688],
       [ 1322088,  9479895],
       [ 1255781,  9282517],
       [ 1256808,  8229575],
       [ 1191015,  7769535],
       [ 1059431,  9875166],
       [ 1191017, 10598889],
       [ 1125224, 10993392],
       [ 1191017, 11256817],
       [ 1191017, 11190765],
       [ 1190763,  8625095],
       [ 1256556,  9414865],
       [ 1256556, 10400987],
       [ 1322349, 10268370],
       [ 1190765,  6846360],
       [ 1322603,  5990010],
       [ 1125994,  5987698],
       [ 1257326,  5789281],
       [ 1125740,  6249826],
       [ 1125740,  6117207],
       [ 1191535,  6841696],
       [ 1191535,  6513758],
       [ 1257328,  6316380],
       [ 1257841,  6447966],
       [ 1388661,  8290170],
       [ 1191280,  7171176],
       [ 1322866,  6644831],
       [ 1257073,  6710627],
       [ 1323892,  6973031],
       [ 1192306,  7565166],
       [ 1389687,  6644831],
       [ 1323642,  6974561],
       [ 1454969,  6711389],
       [ 1389433,  6185045],
       [ 1323640,  6645342],
       [ 1521019,  6644832],
       [ 1192056,  7368554],
       [ 1455226,  8289656],
       [ 1455229,  7763312],
       [ 1652608,  6973796],
       [ 1455743,  6842210],
       [ 1324157,  7236968],
       [ 1324412,  6973796],
       [ 1455998,  6842210],
       [ 1324157,  6842210],
       [ 1521538,  6644317],
       [ 1324672,  7104607],
       [ 1324159,  7039843],
       [ 1390463,  7960691],
       [ 1389950,  7499113],
       [ 1391233,  6973282],
       [ 1457033,  7039075],
       [ 1653385,  8947573],
       [ 1653385, 11184533],
       [ 1587079, 11184535],
       [ 1391240, 11315608],
       [ 1456522, 10724502],
       [ 1653901,  9473155],
       [ 1785741,  6513499],
       [ 1720207,  5658449],
       [ 1588108,  5065285],
       [ 1785487,  5131078],
       [ 1850511,  5920592],
       [ 1587594,  6512729],
       [ 1456523,  6775901],
       [ 1588622,  7565417],
       [ 1523341,  7499626],
       [ 1457036,  7960177],
       [ 1522829,  7960945],
       [ 1588622,  7960691],
       [ 1457036,  8223863],
       [ 1720208,  7894898],
       [ 1390989,  8816000],
       [ 1719954,  7960691],
       [ 1522577,  7368808],
       [ 1654163,  7303015],
       [ 1785751,  7368808],
       [ 1785749,  9408391],
       [ 1522577,  8026738],
       [ 1851540,  7697773],
       [ 1654161,  8092531],
       [ 1785751,  7566187],
       [ 1654161,  7697773],
       [ 1785751,  7829359],
       [ 1457043,  6908255],
       [ 1522836,  8487287],
       [ 1719958,  7829357],
       [ 1588372,  8158322],
       [ 1785749,  8421494],
       [ 1719958,  8487287],
       [ 1719958,  8355701],
       [ 1654165,  9474182],
       [ 1983130,  8618873],
       [ 1522579,  8618873],
       [ 1588629,  7105634],
       [ 1522836,  7697771],
       [ 1917594,  8026736],
       [ 1654422,  8487287],
       [ 1917594,  8224115],
       [ 1983387,  8947838],
       [ 1786008, 10000524],
       [ 1720215,  9868424],
       [ 1851801, 10197135],
       [ 1917595,  8552310],
       [ 1588630, 11973799],
       [ 1589399,  9013115],
       [ 1654676,  8685176],
       [ 1786008,  9408642],
       [ 1720215, 10131082],
       [ 1786008,  9209981],
       [ 1983387,  9604998],
       [ 1785751,  8749691],
       [ 1719958,  9737356],
       [ 1656475,  9014144],
       [ 1720985,  9474180],
       [ 1720985, 10394768],
       [ 1851801,  9540486],
       [ 1785749,  9474180],
       [ 1786525,  9606279],
       [ 1918365,  9803145],
       [ 2049951,  8421492],
       [ 1522837,  8487798],
       [ 1655452,  8947836],
       [ 1720734,  9474693],
       [ 1852572,  9013631],
       [ 1983388,  8947838],
       [ 1918365,  8683896],
       [ 1918624,  9144447],
       [ 1786525,  9802377],
       [ 1853347, 10131085],
       [ 1722015,  9867913],
       [ 1787808,  9867913],
       [ 1918624,  9605252],
       [ 1918624, 11052698],
       [ 2115490, 10131342],
       [ 1656222, 10197139],
       [ 1852833,  9736586],
       [ 1984419,  9407619],
       [ 2247078, 10723479],
       [ 1983906, 10855065],
       [ 1787040,  9736584],
       [ 1852833, 10065549],
       [ 1984419,  9276287],
       [ 1852833,  8947322],
       [ 1918113, 10460561],
       [ 2181285,  9341826],
       [ 2181285,  8881275],
       [ 2181285, 10394518],
       [ 1787040,  9210242],
       [ 1392796,  9341826],
       [ 1524895,  9341826],
       [ 1853347,  9802631],
       [ 1853349,  9671045],
       [ 1787040,  9736838],
       [ 1721761,  8683896],
       [ 1590429,  8157552],
       [ 1722015,  7960173],
       [ 1590429,  8289138],
       [ 1590429,  9539205],
       [ 1525149,  9604998],
       [ 2115490,  9407619],
       [ 1458843,  9342596],
       [ 1984417,  9276033],
       [ 1984417,  8487287],
       [ 1918622,  8882047],
       [ 1721498,  8618873],
       [ 1392020, 10066319],
       [ 1326738, 10066319],
       [ 1194893, 10066319],
       [ 1786258,  9474180],
       [ 1522828, 10000524],
       [ 2114452, 10790040],
       [ 1522569, 13619139],
       [ 1588362, 10526868],
       [ 1456776,  9803145],
       [ 1588362,  9803145],
       [ 1654155, 10000524],
       [ 1390983, 10329489],
       [ 1719948,  9934731],
       [ 1325190, 10197903],
       [ 1456006, 10330002],
       [ 1653385, 10461588],
       [ 2048143,  9079935],
       [ 1784969,  9342594],
       [ 1850762,  9671559],
       [ 1587333, 10131596],
       [ 1719944,  9671045],
       [ 1522565,  9671045],
       [ 1587842,  9803145],
       [ 1127542, 10658454],
       [ 1455994, 11184798],
       [ 1455226, 11513763],
       [ 1586812, 10132110],
       [ 1258617,  9737352],
       [ 1455480, 11119005],
       [ 1587066, 11513763],
       [ 1521273, 10724247],
       [ 1652859, 10395537],
       [ 1455480, 11514018],
       [ 1587066,  9868938],
       [ 1521273,  8948091],
       [ 1520760,  9211010],
       [ 1389687, 10263698],
       [ 1389687, 10592663],
       [ 1389685,  9737354],
       [ 1455480,  9868940],
       [ 1587066,  9868940],
       [ 1389687, 10131342],
       [ 1455226, 10460307],
       [ 1718652, 11119005],
       [ 1520760, 10921626],
       [ 1587066, 10132365],
       [ 1718650, 10132365],
       [ 1652859, 10066317],
       [ 1323894,  9540228],
       [ 1455228,  9671561],
       [ 1784191,  9868940],
       [ 1652605,  9671820],
       [ 1718652,  9474695],
       [ 1784445,  8882558],
       [ 1652859,  8947068],
       [ 1652859,  8683896],
       [ 1718652,  8948608],
       [ 1981824,  9079937],
       [ 1850238,  8948351],
       [ 1652605,  9277314],
       [ 1916029,  9343107],
       [ 1850236,  1850236]])