array([[14800580,  3094581],
       [ 6247756, 15264718],
       [15395277,  4541509],
       [15857655, 13489600],
       [15724778,  3751479],
       [15657180, 11321784],
       [12437197,  4872781],
       [11120308,  9413011],
       [13551030,  4475203],
       [16252927,  4344130],
       [14672062,  3947321],
       [16776945, 14277057],
       [ 9736325,  4934724],
       [14867652, 13685688],
       [16711161,  1256045],
       [15459546, 16646142],
       [15392462,  6185368],
       [10329240, 16645116],
       [10262669,   927583],
       [16711422, 14672878],
       [16711410,  2699087],
       [15726310, 15198961],
       [11585453, 16777196],
       [12048571, 16315360],
       [11916217,  3556449],
       [ 9604473, 14464671],
       [ 9669241,  3358816],
       [ 7649166, 16776425],
       [16645855,  1452636],
       [ 9024411,  5078232],
       [10666399,  2178933],
       [13152922,  6720466],
       [16317951,  2175314],
       [15312290, 11780270],
       [14713466,  3489852],
       [14319733, 15523798],
       [14253943, 12894638],
       [ 7105642,  6641995],
       [14581625, 15984601],
       [14516344,  6123950],
       [14516344, 16643804],
       [14450551,  1976132],
       [14319735,  7236981],
       [14450039,  5659225],
       [14975868, 10069148],
       [14910845,  5991522],
       [14713466, 16776937],
       [14713464,  6711147],
       [14581625, 12768989],
       [14451321, 11379594],
       [14253426, 14744062],
       [14253172, 14805483],
       [14383478, 10464434],
       [14317685, 12758677],
       [14448242,  8223098],
       [12696996, 16312024],
       [14186352, 15653845],
       [14185840, 15857144],
       [14054000,  7964311],
       [13988207, 15059651],
       [13922927,  7833241],
       [13791341, 16777195],
       [13400174, 10649200],
       [14855589,  3157812],
       [13483438,  3157555],
       [ 9211523,  9731445],
       [12369587,  8161943],
       [ 8224885, 16777215],
       [12436407, 16777195],
       [ 8553850,  9014144],
       [13356482, 16777203],
       [14275527, 16777215],
       [ 9538170, 16775413],
       [ 9601904, 11841954],
       [ 8286040, 12102812],
       [ 8811875, 16774875],
       [ 9272426, 11643282],
       [ 9929843, 11643819],
       [10127224, 13554385],
       [10521983, 16777203],
       [10851207, 12690064],
       [ 8752787, 16309193],
       [11247245, 15254939],
       [11773597,  8292236],
       [10721931, 15200493],
       [12431003,  9213338],
       [11248536, 15857140],
       [ 9930869,  8293267],
       [ 8679779, 12042952],
       [ 8155234, 16708049],
       [10064514, 16711410],
       [10919571, 12632793],
       [10855059, 16315607],
       [11841436, 10792372],
       [10523497, 16776959],
       [11707527, 16709092],
       [12171178, 14067864],
       [ 8882306, 15261634],
       [10921879,  9404775],
       [ 6120291, 14668984],
       [10526090, 11706254],
       [12169887,  7229011],
       [12497570, 10976890],
       [10588286,  4864068],
       [10851468,  6577040],
       [ 7694183, 15065308],
       [ 4208960, 15724527],
       [ 4603718, 16775654],
       [ 4144450,  3369170],
       [ 9070944, 15462911],
       [ 4472645, 16506056],
       [ 7691352, 16775651],
       [ 4603972, 12688531],
       [ 9532785, 16645619],
       [12758952,  3358332],
       [ 6047817, 14542330],
       [13810865,  1651581],
       [ 4796717, 16705744],
       [12425611,  5132676],
       [ 7619630,  1520784],
       [13736835,  3961297],
       [14197384,  2045047],
       [13673086,  6251159],
       [12883321,  9080507],
       [ 3624077, 14538721],
       [14725777,  7497581],
       [13080700, 16121343],
       [12621689, 13354449],
       [12818298,  8944000],
       [12817789, 15528703],
       [13214341,  5398936],
       [12555644,  5718074],
       [12490364,  4816352],
       [16566458,  5787956],
       [ 4018322, 15329009],
       [14201752,  1187396],
       [ 4479653, 11646115],
       [15978411,  4867378],
       [13608332, 12028274],
       [13674125,  5328447],
       [13541770, 13161973],
       [ 8083542,  3038914],
       [ 8477267,  1913975],
       [10910329,  4018825],
       [ 7953243, 12043495],
       [12357749, 15654606],
       [12093554, 15455929],
       [10845290,  3684416],
       [10188388, 11315869],
       [10122595,  3481641],
       [ 9464415,  3156785],
       [12297613, 15131863],
       [ 1517411,  3090990],
       [ 9661279,  3747137],
       [10647660,  5788521],
       [12028798,  3681348],
       [12752258, 12898803],
       [13080708,  2177401],
       [13803144,  2832231],
       [13015166,  9477825],
       [12620923, 10062731],
       [10448739,  1255280],
       [ 9594461,  4416438],
       [ 7495022, 13290988],
       [ 8279375,  9672894],
       [10383983, 13752303],
       [11765890,  1587063],
       [12554892,  2912218],
       [10191519,  6845598],
       [ 4741293,  3897571],
       [ 3894750,  1319507],
       [ 3702512,  2906802],
       [ 3770874,  1122904],
       [ 4029416,  2507655],
       [ 2839993,  3228533],
       [ 1982350,  3635697],
       [ 1849210,  3176427],
       [ 2111080,  1128595],
       [ 1517137,  3110373],
       [ 1191013,  1655971],
       [ 2241383,  3632330],
       [ 1846365,  3892416],
       [ 2505588,  1648201],
       [ 1647177,  1321572],
       [ 1453160,  4092640],
       [ 1581125,   336488],
       [ 1909575,  4354248],
       [ 1252159,  3301819],
       [ 2174554,  3434699],
       [  531806,  1580357],
       [ 2371941,  3692439],
       [ 1450821,   856873],
       [ 1120296,  2905519],
       [ 1714003,  1515836],
       [  990017,  3753576],
       [ 1913437,  4938371],
       [ 1647957,  8820675],
       [ 1450831,  8425916],
       [ 1054256,  9215946],
       [ 1056576,  6189214],
       [  727109,  9676243],
       [ 1386852, 11519730],
       [ 1186618,  4808331],
       [ 1382967, 10728931],
       [ 1448753, 10202587],
       [ 1316913,  5861019],
       [  857137,  9545938],
       [ 1185579,  5333907],
       [ 2641318,   332861],
       [ 1185581,  1055796],
       [ 1251372,  5466259],
       [ 1317165,  9873876],
       [ 1317164, 10926563],
       [  792373,  5728917],
       [  925266,  8952773],
       [  988459,  5202062],
       [ 1449004,  8822217],
       [ 1317164,  4084608],
       [  989514,  9348048],
       [ 1120298,  5466263],
       [ 1120298,  5399952],
       [ 3499990,   857126],
       [ 1186604,  4714176],
       [ 1055018,  4583360],
       [ 1054505,  1258364],
       [ 1054505,  4517567],
       [ 1120047,  4517567],
       [ 1120299,  4517567],
       [  858158,  4517567],
       [ 1185840,   467043],
       [ 1055820,  4517567],
       [ 1584746,  4517567],
       [ 1325190,   859724],
       [ 1054266,  4517567],
       [  923195,  4517567],
       [  864647,  1321821],
       [ 1389700,  4517567],
       [ 1452900,  1055042],
       [  792892,  4517567],
       [ 1122128,  4648383],
       [ 1386595,  1591155],
       [ 2050202,  4452287],
       [  404096,  1188437],
       [ 1056849,  4452033],
       [ 1589924,   530756],
       [ 3171276,  4517567],
       [ 3366598,   791608],
       [ 2711500,  1910074],
       [ 2381509,   725550],
       [ 2113673,  9540498],
       [ 2315189,  7108770],
       [ 2509997,  1189465],
       [  924749,  2381244],
       [ 1325457,  1711394],
       [ 1191282,  5921118],
       [  993123,   592663],
       [ 1917073,  2105384],
       [ 1918364,   794180]])