array([[ 4412019,  5595513],
       [ 4517567,  5266037],
       [ 1652859,  4739941],
       [ 4517567,  7690574],
       [ 1520762,  7296591],
       [ 4517567,  6771277],
       [ 1124193,  6837582],
       [ 1058400, 11518700],
       [ 1057887, 11123942],
       [ 1321571, 10795747],
       [ 1584225, 10269661],
       [ 1255770,  9742290],
       [ 1123931,  9018567],
       [ 1189726,  8097979],
       [  926554,  7966906],
       [ 1058140,  8164285],
       [  926554,  8426430],
       [ 1189724,  9018566],
       [ 1255771, 11320808],
       [ 1386846, 10926561],
       [ 1058140,  9150922],
       [ 1189473,  8819909],
       [ 1123935,  8360383],
       [ 1123933,  8558267],
       [ 1124185, 10598875],
       [ 1189977, 11981043],
       [ 1189986, 12573950],
       [ 1058400, 11191796],
       [ 1189728, 10796783],
       [ 1387105,  9545688],
       [ 1518942,  9545688],
       [ 1124184,  9479895],
       [ 1321823,  9282517],
       [  992606,  8229575],
       [  927584,  7769535],
       [ 1124195,  9875166],
       [ 1058400, 10598889],
       [ 1255521, 10993392],
       [ 1189726, 11256817],
       [ 1321564, 11190765],
       [ 1321310,  8625095],
       [ 1255521,  9414865],
       [ 1124193, 10400987],
       [ 1123941, 10268370],
       [ 1123941,  6846360],
       [ 1189986,  5990010],
       [ 1387616,  5987698],
       [ 1321823,  5789281],
       [ 1387869,  6249826],
       [ 1256030,  6117207],
       [ 1189986,  6841696],
       [ 1321320,  6513758],
       [ 1123943,  6316380],
       [ 1123943,  6447966],
       [ 1189734,  8290170],
       [ 1255266,  7171176],
       [ 1452898,  6644831],
       [ 1518432,  6710627],
       [ 1191005,  6973031],
       [ 1321823,  7565166],
       [ 1584484,  6644831],
       [ 1584486,  6974561],
       [ 1125224,  6711389],
       [ 1190506,  6185045],
       [ 1124713,  6645342],
       [  992874,  6644832],
       [ 1190252,  7368554],
       [ 1058666,  8289656],
       [ 1190252,  7763312],
       [ 1124459,  6973796],
       [ 1190506,  6842210],
       [ 1191015,  7236968],
       [ 1124193,  6973796],
       [ 1321571,  6842210],
       [ 1191268,  6842210],
       [ 1322599,  6644317],
       [ 1651306,  7104607],
       [ 1322342,  7039843],
       [ 1453928,  7960691],
       [ 1322341,  7499113],
       [ 1322339,  6973282],
       [ 1519204,  7039075],
       [ 1520233,  8947573],
       [ 1125475, 11184533],
       [ 1388134, 11184535],
       [ 1322342, 11315608],
       [ 1256808, 10724502],
       [ 1256556,  9473155],
       [ 1060460,  6513499],
       [ 1126766,  5658449],
       [ 1386862,  5065285],
       [ 1190252,  5131078],
       [  992873,  5920592],
       [ 1256558,  6512729],
       [ 1124460,  6775901],
       [ 1256297,  7565417],
       [ 1190252,  7499626],
       [ 1190504,  7960177],
       [ 1190506,  7960945],
       [ 1059177,  7960691],
       [ 1190763,  8223863],
       [ 1059179,  7894898],
       [ 1124970,  8816000],
       [ 1256556,  7960691],
       [ 1058920,  7368808],
       [ 1255016,  7303015],
       [ 1321571,  7368808],
       [ 1189986,  9408391],
       [ 1058653,  8026738],
       [ 1190239,  7697773],
       [ 1190239,  8092531],
       [  992860,  7566187],
       [ 1124192,  7697773],
       [ 1124193,  7829359],
       [ 1387365,  6908255],
       [ 1387367,  8487287],
       [ 1124709,  7829357],
       [ 1189734,  8158322],
       [ 1190504,  8421494],
       [ 1190504,  8487287],
       [ 1190504,  8355701],
       [ 1058918,  9474182],
       [ 1125224,  8618873],
       [ 1059179,  8618873],
       [  928363,  7105634],
       [ 1190504,  7697771],
       [ 1190506,  8026736],
       [ 1322092,  8487287],
       [ 1322092,  8224115],
       [ 1387885,  8947838],
       [ 1387632, 10000524],
       [ 1321838,  9868424],
       [ 1256045, 10197135],
       [ 1388144,  8552310],
       [ 1256048, 11973799],
       [ 1322351,  9013115],
       [ 1322092,  8685176],
       [ 1256558,  9408642],
       [ 1453937, 10131082],
       [ 1256045,  9209981],
       [ 1192048,  9604998],
       [ 1323121,  8749691],
       [ 1191797,  9737356],
       [ 1323383,  9014144],
       [ 1192048,  9474180],
       [  994926, 10394768],
       [ 1191282,  9540486],
       [ 1520762,  9474180],
       [ 1389176,  9606279],
       [ 1389435,  9803145],
       [ 1389435,  8421492],
       [ 1521021,  8487798],
       [ 1455228,  8947836],
       [ 1323643,  9474693],
       [ 1323389,  9013631],
       [ 1652354,  8947838],
       [ 1258366,  8683896],
       [ 1390465,  9144447],
       [ 1193084,  9802377],
       [ 1192573, 10131085],
       [ 1718147,  9867913],
       [ 1324161,  9867913],
       [ 1324157,  9605252],
       [ 1389954, 11052698],
       [ 1587081, 10131342],
       [ 1456004, 10197139],
       [ 1719180,  9736586],
       [ 1916559,  9407619],
       [ 1719180, 10723479],
       [ 1253460, 10855065],
       [  925523,  9736584],
       [  793937, 10065549],
       [  859730,  9276287],
       [  991316,  8947322],
       [  728144, 10460561],
       [  793937,  9341826],
       [  859730,  8881275],
       [  859730, 10394518],
       [  793939,  9210242],
       [  662353,  9341826],
       [  729175,  9341826],
       [  926295,  9802631],
       [  926554,  9671045],
       [  861020,  9736838],
       [  861021,  8683896],
       [ 1058918,  8157552],
       [  796007,  7960173],
       [ 1059694,  8289138],
       [ 2182315,  9539205],
       [  992609,  9604998],
       [ 1057887,  9407619],
       [ 1057627,  9342596],
       [  399951,  9276033],
       [  793937,  8487287],
       [  727887,  8882047],
       [  726859,  8618873],
       [  726855, 10066319],
       [  660803, 10066319],
       [  923458, 10066319],
       [  726849,  9474180],
       [  463423, 10000524],
       [  595522, 10790040],
       [  595522, 13619139],
       [  595523, 10526868],
       [  595523,  9803145],
       [  595523,  9803145],
       [  595784, 10000524],
       [  727370, 10329489],
       [  793680,  9934731],
       [  991316, 10197903],
       [  729434, 10330002],
       [ 1058402, 10461588],
       [ 1123943,  9079935],
       [ 1058669,  9342594],
       [ 1058675,  9671559],
       [  928631, 10131596],
       [ 1717897,  9671045],
       [ 1718925,  9671045],
       [ 1786008,  9803145],
       [ 2312355, 10658454],
       [ 2313131, 11184798],
       [ 2577080, 11513763],
       [ 2315193, 10132110],
       [  791343,  9737352],
       [  790831, 11119005],
       [  659757, 11513763],
       [  791344, 10724247],
       [  725551, 10395537],
       [  791858, 11514018],
       [  923959,  9868938],
       [  924477,  8948091],
       [  924996,  9211010],
       [  926028, 10263698],
       [ 1188435, 10592663],
       [ 1190239,  9737354],
       [ 1519469,  9868940],
       [ 1257077,  9868940],
       [ 1586048, 10131342],
       [ 2112646, 10460307],
       [ 1586042, 11119005],
       [ 1387893, 10921626],
       [ 1782138, 10132365],
       [ 1651055, 10132365],
       [ 1650788, 10066317],
       [  663631,  9540228],
       [  860235,  9671561],
       [  991310,  9868940],
       [  926292,  9671820],
       [ 1189465,  9474695],
       [ 1189724,  8882558],
       [  795998,  8947068],
       [ 1322090,  8683896],
       [ 1519471,  8948608],
       [ 1191787,  9079937],
       [ 1387881,  8948351],
       [ 1257061,  9277314],
       [ 1453158,  9343107],
       [ 1453160,  1387367]])