array([[ 2367006,  2367521],
       [ 2563104,  2435372],
       [ 2498594,  2170917],
       [ 2170142,  2039845],
       [ 2103834,  2105637],
       [ 2104863,  2105124],
       [ 2498594,  2236451],
       [ 2497305,  3288108],
       [ 2367006,  5455154],
       [ 2236449,  5129536],
       [ 1777191,  2106407],
       [ 1974576,  2763306],
       [ 2106416,  2566713],
       [ 2303795,  2238520],
       [ 1974829,  2238516],
       [ 2106415,  2435381],
       [ 1908524,  2764345],
       [ 2172208,  2961724],
       [ 2106415,  2369585],
       [ 1974830,  2435380],
       [ 2106416,  2238771],
       [ 2106416,  2172209],
       [ 2041137,  2237748],
       [ 2172209,  2238777],
       [ 2303541,  2829885],
       [ 2566713,  2895678],
       [ 2500920,  3357258],
       [ 2763835,  2764862],
       [ 2304309,  2699582],
       [ 2502203,  2699067],
       [ 2370363,  2829628],
       [ 2962503,  2764864],
       [ 2896707,  2634048],
       [ 2831168,  2962754],
       [ 2765375,  2699580],
       [ 3028293,  3028547],
       [ 2765121,  3028293],
       [ 2633789,  3883602],
       [ 2699328,  3159879],
       [ 2765124,  2896448],
       [ 2633276,  2830655],
       [ 2699071,  2896448],
       [ 2765375,  2567996],
       [ 3948368,  2896448],
       [ 5000019,  4606036],
       [ 3819890,  7039342],
       [ 4279671, 11249576],
       [ 3885683, 11182239],
       [ 4017271,  9604489],
       [ 4478336,  9998477],
       [ 2899304, 11578792],
       [ 4017018,  9736333],
       [ 3950965,  9538696],
       [ 3227243,  9605516],
       [ 3161962, 10065040],
       [ 3425134, 10591385],
       [ 3951478, 11775405],
       [ 4148855, 12697022],
       [ 4082801, 11249061],
       [ 1911885, 12236467],
       [ 1977676, 11119017],
       [ 2306380, 11706003],
       [ 1845059, 10387560],
       [ 2042180, 11767669],
       [ 2239559, 11175787],
       [ 2832985, 11438444],
       [ 2700886, 11307373],
       [ 2305612,  6771277],
       [ 2568532,  6310730],
       [ 2568271,  6837582],
       [ 3423331,  7559500],
       [ 3028056,  8742482],
       [ 3885671,  8349012],
       [ 4872055,  8546134],
       [ 3095646,  8545619],
       [ 3688296,  8873555],
       [ 3227745,  9135699],
       [ 3228002,  9662556],
       [ 4740479,  9665896],
       [ 3556718, 10062969],
       [ 3096935,  9802118],
       [ 3162728,  9999245],
       [ 2900069, 11381150],
       [ 2833511, 11512738],
       [ 2699081, 10263446],
       [ 2370375, 10987690],
       [ 2568269, 10396331],
       [ 2699089,  9146791],
       [ 3555677,  9807045],
       [ 3359581, 11124192],
       [ 3686752, 11849455],
       [ 3161174, 12900092],
       [ 3358298, 12439541],
       [ 4542572, 12241394],
       [ 3753056, 12110578],
       [ 3424346, 11518700],
       [ 4147301, 11123942],
       [ 1250855, 10269661],
       [ 1053728,  8097979],
       [  987934,  7966906],
       [  987934,  8360383],
       [ 1053727, 11718138],
       [ 1185313, 11191796],
       [  987934, 10796783],
       [ 1119520,  9545688],
       [ 1119520,  9545688],
       [  987934,  9479895],
       [  987934,  9282517],
       [ 1053727,  8229575],
       [ 1119261,  7769535],
       [ 1053727,  9875166],
       [ 1119520, 10598889],
       [ 1053727, 10993392],
       [ 1119521, 11256817],
       [ 1316640, 11190765],
       [ 1118742,  8625095],
       [ 3749950,  9414865],
       [ 5591116, 10400987],
       [ 5985874, 10268370],
       [ 5985872,  5789281],
       [ 1381915,  6117207],
       [ 1908259,  6316380],
       [ 4275254,  6447966],
       [ 4604734,  8290170],
       [ 6117458,  6644831],
       [ 4867904,  6185045],
       [ 1184533,  6645342],
       [ 1316638,  6644832],
       [ 1185313,  7368554],
       [ 1250594,  8289656],
       [ 1316386,  7763312],
       [ 1316387,  6973796],
       [ 1448226,  6842210],
       [ 1447456,  7236968],
       [ 1316386,  6973796],
       [ 1382179,  6842210],
       [ 1316386,  6842210],
       [ 1316640,  6644317],
       [ 1382433,  7104607],
       [ 1514019,  7039843],
       [ 1579810,  7960691],
       [ 2171431,  7499113],
       [ 3486265,  6973282],
       [ 3289139,  7039075],
       [ 3552563,  8947573],
       [ 3815992, 11184533],
       [ 4341307, 11184535],
       [ 4604479, 11315608],
       [ 4735807, 10724502],
       [ 4670015,  6513499],
       [ 4604222,  5658449],
       [ 4998980,  5065285],
       [ 3222828,  5131078],
       [ 3749172,  5920592],
       [ 4275257,  6512729],
       [ 4143671,  6775901],
       [ 4341050,  7565417],
       [ 3814963,  7499626],
       [ 4012344,  7960177],
       [ 4078135,  7960945],
       [ 4143928,  7960691],
       [ 4209721,  8223863],
       [ 4341050,  7894898],
       [ 4933186,  8816000],
       [ 4998979,  7960691],
       [ 5130565,  7368808],
       [ 5393737,  7303015],
       [ 5853519,  7368808],
       [ 6051149,  9408391],
       [ 5919565,  8026738],
       [ 6314323,  7697773],
       [ 6182737,  8092531],
       [ 6248528,  7566187],
       [ 6248528,  7697773],
       [ 6576980,  7829359],
       [ 4670014,  6908255],
       [ 4735807,  8487287],
       [ 4670527,  7829357],
       [ 5657169,  8158322],
       [ 4999239,  8421494],
       [ 4867655,  8487287],
       [ 4604483,  8355701],
       [ 4407104,  9474182],
       [ 5525581,  8618873],
       [ 5459790,  8618873],
       [ 5197388,  7105634],
       [ 5328974,  7697771],
       [ 4868169,  8026736],
       [ 4868680,  8224115],
       [ 4737094,  8552310],
       [ 5000266,  8685176],
       [ 4671301,  9408642],
       [ 4408129, 10131082],
       [ 4539717,  9209981],
       [ 4473922,  9604998],
       [ 4736583,  8749691],
       [ 4670790,  9014144],
       [ 4604999,  9474180],
       [ 4604999,  9474180],
       [ 4605512,  9606279],
       [ 4737609,  8421492],
       [ 4802376,  8487798],
       [ 4539204,  8947836],
       [ 4539206,  8947838],
       [ 4473665,  8683896],
       [ 4736837,  9802377],
       [ 4737348,  8881275],
       [ 4342077,  8157552],
       [ 4079166,  7960173],
       [ 4079164, 10790040],
       [ 4013121, 10526868],
       [ 3947580,  9803145],
       [ 4079166, 10000524],
       [ 4144961, 10329489],
       [ 4342340,  9934731],
       [ 4013375, 10197903],
       [ 3947580, 10330002],
       [ 4079166, 10461588],
       [ 4144959,  9079935],
       [ 4078653,  9342594],
       [ 4276032,  9671559],
       [ 4210752, 10131596],
       [ 4210752,  9671045],
       [ 4144959,  9671045],
       [ 4013886, 10658454],
       [ 3947067, 11184798],
       [ 3947067, 11513763],
       [ 4210239, 10132110],
       [ 4473411,  9737352],
       [ 4802630, 11119005],
       [ 5065802, 11513763],
       [ 5000007, 10724247],
       [ 4868423,  9868938],
       [ 4736583,  8948091],
       [ 4473411,  9211010],
       [ 4078653, 10263698],
       [ 4079166, 10592663],
       [ 3947580,  9737354],
       [ 4079166,  9868940],
       [ 4013373,  9868940],
       [ 4671301, 10131342],
       [ 5263440, 10460307],
       [ 4934475, 10132365],
       [ 4342338, 10132365],
       [ 4013373, 10066317],
       [ 4013373,  9540228],
       [ 3947580,  9671561],
       [ 3618615,  9868940],
       [ 3618615,  9671820],
       [ 3618617,  9474695],
       [ 3947582,  8882558],
       [ 4341825,  8947068],
       [ 4012860,  8683896],
       [ 4210239,  8948608],
       [ 4210239,  9079937],
       [ 4144446,  8948351],
       [ 4276032,  9343107],
       [ 4210239,  4144446]])