array([[16777215, 16777215],
       [16777215, 14403227],
       [16777215, 13547916],
       [16777215, 14337434],
       [16777215, 13875604],
       [16777215, 16047286],
       [16777215, 13151881],
       [16777215, 14270364],
       [16777215, 13612432],
       [16777215, 14007703],
       [16777215, 13876117],
       [16777215, 14468765],
       [16777215, 14929316],
       [16777215, 12297598],
       [16777215, 13481874],
       [16777215, 12955530],
       [16777215, 14535078],
       [16777215, 12692876],
       [16777215, 12494727],
       [16777215, 12561290],
       [16777215, 12956046],
       [16777215, 13416079],
       [16777215, 14007693],
       [16777215, 13810065],
       [16777215, 12955530],
       [16777215, 12693126],
       [16777215, 13022089],
       [16777215, 12757890],
       [16777215, 13942421],
       [16777215, 13942421],
       [16777215, 13284233],
       [16777215, 13876368],
       [16777215, 12429951],
       [16777215, 13218181],
       [16777215, 14533522],
       [16777215, 14797975],
       [16777215, 15850152],
       [16777215, 15256732],
       [16777215, 15256732],
       [16777215, 15059353],
       [16777215, 14007178],
       [16777215, 15191452],
       [16711422, 15191967],
       [16777213, 16705459],
       [16711422, 16509104],
       [16711422,  5990010],
       [ 1322349,  5987698],
       [ 1388144,  5789281],
       [ 1322351,  6249826],
       [ 1453938,  6117207],
       [ 1323121,  6841696],
       [ 1191535,  6513758],
       [ 1322866,  6316380],
       [ 1322866,  6447966],
       [ 1322866,  8290170],
       [ 1322866,  7171176],
       [ 1454454,  6644831],
       [ 1388661,  6710627],
       [ 1323379,  6973031],
       [ 1388659,  7565166],
       [ 1257588,  6644831],
       [ 1455228,  6974561],
       [ 1257847,  6711389],
       [ 1389435,  6185045],
       [ 1323640,  6645342],
       [ 1323640,  6644832],
       [ 1323640,  7368554],
       [ 1323642,  8289656],
       [ 1520508,  7763312],
       [ 1389952,  6973796],
       [ 1456258,  6842210],
       [ 1718917,  7236968],
       [ 1587329,  6973796],
       [ 1456509,  6842210],
       [ 1390463,  6842210],
       [ 1587329,  6644317],
       [ 1127811,  7104607],
       [ 1456258,  7039843],
       [ 1457026,  7960691],
       [ 1391233,  7499113],
       [ 1259395,  6973282],
       [ 1588619,  7039075],
       [ 1652872,  8947573],
       [ 1324936, 11184533],
       [ 1719948, 11184535],
       [ 1390983, 11315608],
       [ 1522569, 10724502],
       [ 1391242,  9473155],
       [ 1391242,  6513499],
       [ 1588622,  5658449],
       [ 1324936,  5065285],
       [ 1982866,  5131078],
       [ 1719695,  5920592],
       [ 1785490,  6512729],
       [ 1719697,  6775901],
       [ 1522318,  7565417],
       [ 1851283,  7499626],
       [ 1522829,  7960177],
       [ 1457033,  7960945],
       [ 1588622,  7960691],
       [ 1457036,  8223863],
       [ 1719954,  7894898],
       [ 1522575,  8816000],
       [ 1654163,  7960691],
       [ 1719956,  7368808],
       [ 1654163,  7303015],
       [ 1522577,  7368808],
       [ 1983128,  9408391],
       [ 1654163,  8026738],
       [ 1785749,  7697773],
       [ 1785749,  8092531],
       [ 1719958,  7566187],
       [ 1851544,  7697773],
       [ 1719958,  7829359],
       [ 1786008,  6908255],
       [ 1588629,  8487287],
       [ 1786008,  7829357],
       [ 1917337,  8158322],
       [ 1785751,  8421494],
       [ 1983130,  8487287],
       [ 1851544,  8355701],
       [ 2048923,  9474182],
       [ 2180509,  8618873],
       [ 1588372,  8618873],
       [ 1720215,  7105634],
       [ 1522836,  7697771],
       [ 1654422,  8026736],
       [ 1588629,  8487287],
       [ 1720215,  8224115],
       [ 1917594,  8947838],
       [ 1786008, 10000524],
       [ 1654423,  9868424],
       [ 1654423, 10197135],
       [ 1719703,  8552310],
       [ 1523607, 11973799],
       [ 1589400,  9013115],
       [ 1523607,  8685176],
       [ 1720215,  9408642],
       [ 1589912, 10131082],
       [ 1392533,  9209981],
       [ 1655192,  9604998],
       [ 1589399,  8749691],
       [ 1917594,  9737356],
       [ 1522836,  9014144],
       [ 1786008,  9474180],
       [ 1851801, 10394768],
       [ 1719703,  9540486],
       [ 1522837,  9474180],
       [ 2114974,  9606279],
       [ 1852572,  9803145],
       [ 1655193,  8421492],
       [ 1523607,  8487798],
       [ 1655193,  8947836],
       [ 1720986,  9474693],
       [ 1917595,  9013631],
       [ 2048668,  8947838],
       [ 1918111,  8683896],
       [ 1984157,  9144447],
       [ 1852831,  9802377],
       [ 2180769, 10131085],
       [ 1722015,  9867913],
       [ 1787808,  9867913],
       [ 1852318,  9605252],
       [ 1984417, 11052698],
       [ 1854114, 10131342],
       [ 1656222, 10197139],
       [ 1984419,  9736586],
       [ 1918626,  9407619],
       [ 1918113, 10723479],
       [ 1852320, 10855065],
       [ 1918626,  9736584],
       [ 1655454, 10065549],
       [ 1852833,  9276287],
       [ 1787040,  8947322],
       [ 1983906, 10460561],
       [ 1918113,  9341826],
       [ 1918113,  8881275],
       [ 1983906, 10394518],
       [ 1721764,  9210242],
       [ 1721510,  9341826],
       [ 1393309,  9341826],
       [ 1655968,  9802631],
       [ 1787554,  9671045],
       [ 1590177,  9736838],
       [ 1590175,  8683896],
       [ 1852831,  8157552],
       [ 1918624,  7960173],
       [ 1655452,  8289138],
       [ 1852831,  9539205],
       [ 1589146,  9604998],
       [ 1590429,  9407619],
       [ 1459356,  9342596],
       [ 1524636,  9276033],
       [ 1722015,  8487287],
       [ 1656475,  8882047],
       [ 1525146,  8618873],
       [ 1260945, 10066319],
       [ 1392529, 10066319],
       [ 1326477, 10066319],
       [ 1589648,  9474180],
       [ 1588621, 10000524],
       [ 1785741, 10790040],
       [ 1325190, 13619139],
       [ 1390983, 10526868],
       [ 1127811,  9803145],
       [ 1456776,  9803145],
       [ 1588362, 10000524],
       [ 1456776, 10329489],
       [ 1654155,  9934731],
       [ 1654155, 10197903],
       [ 1653387, 10330002],
       [ 1784971, 10461588],
       [ 1719178,  9079935],
       [ 1784969,  9342594],
       [ 1719176,  9671559],
       [ 1718919, 10131596],
       [ 1390979,  9671045],
       [ 1456772,  9671045],
       [ 1588611,  9803145],
       [ 1324669, 10658454],
       [ 1521791, 11184798],
       [ 1389687, 11513763],
       [ 1586814, 10132110],
       [ 1521019,  9737352],
       [ 1587066, 11119005],
       [ 1127542, 11513763],
       [ 1652859, 10724247],
       [ 1455480, 10395537],
       [ 1587066, 11514018],
       [ 1521273,  9868938],
       [ 1521273,  8948091],
       [ 1520760,  9211010],
       [ 1520760, 10263698],
       [ 1521273, 10592663],
       [ 1455480,  9737354],
       [ 1587064,  9868940],
       [ 1455478,  9868940],
       [ 1521273, 10131342],
       [ 1587066, 10460307],
       [ 1718652, 11119005],
       [ 1587066, 10921626],
       [ 1652857, 10132365],
       [ 1718650, 10132365],
       [ 1652859, 10066317],
       [ 1718652,  9540228],
       [ 1455226,  9671561],
       [ 1521019,  9868940],
       [ 1718398,  9671820],
       [ 1323894,  9474695],
       [ 1718652,  8882558],
       [ 1652859,  8947068],
       [ 1521273,  8683896],
       [ 1455480,  8948608],
       [ 1718652,  9079937],
       [ 1784445,  8948351],
       [ 1718652,  9277314],
       [ 1718398,  9343107],
       [ 1718649,  1850236]])