array([[13102047,  4473912],
       [ 5528144, 12563614],
       [12827568,  4804672],
       [ 4013363, 14219501],
       [15132382,  9152925],
       [16711420, 12570299],
       [16646132,  4145494],
       [14341049,  8229338],
       [16777205,  7364689],
       [ 6839903, 15524038],
       [11117977, 14277823],
       [10723222,  7829606],
       [16777203,  4868181],
       [ 8749943, 16711663],
       [16777203,  8157544],
       [12959394, 16777213],
       [16777202,  5925515],
       [13090982, 15334119],
       [16316129,   863081],
       [13879217,  6321305],
       [16777207,  8092013],
       [13881018, 16515071],
       [15459546,  7568300],
       [15392462, 10329240],
       [ 9405301, 16776953],
       [ 9737891,  2508694],
       [16711422, 14603197],
       [16777215,  7309512],
       [ 8748392,   729951],
       [ 9998972, 16579836],
       [15854545,  5659505],
       [15725030, 16646142],
       [ 8157041, 16775397],
       [11585453,  6517645],
       [15464938, 12235934],
       [14610910, 16777189],
       [ 8173968, 16711679],
       [16710369,  2437437],
       [ 6860930,  6654423],
       [12104872, 14462614],
       [10261386,  9267296],
       [16776425, 13344393],
       [16711665,  3091509],
       [ 9024411, 13213060],
       [13686976,  3423833],
       [ 9602931, 16317951],
       [14585475,  8029058],
       [15312290,  9274738],
       [14713466, 16711661],
       [14590877,  8156265],
       [16776437, 15920602],
       [14720656,  7827560],
       [14713211, 16776930],
       [13400174, 16711661],
       [14855589,  7827560],
       [14409167, 16248274],
       [ 9211523,  8946541],
       [12369587, 16708803],
       [ 8224885,  9406831],
       [16777195,  7237240],
       [ 8553850, 16580075],
       [13356482,  7896967],
       [16776694, 16571338],
       [ 9538170, 14475487],
       [15854298, 11838363],
       [ 8286040, 16775138],
       [ 8811875, 11966857],
       [ 9272426, 16775906],
       [14935272,  7961215],
       [10127224, 12171192],
       [12168595, 16644075],
       [16711674,  9078405],
       [16776680, 16777185],
       [ 5331545, 14669234],
       [11841436,  8878167],
       [ 5790562, 15261634],
       [ 8422793,  6243654],
       [ 6120291,  8084831],
       [ 7303534,  4405308],
       [12169887,  4608666],
       [10787473,  9464700],
       [ 9798267,  6910393],
       [ 5918288,  4011869],
       [15725815,  9144487],
       [ 8479327, 16448250],
       [15462911,  4672628],
       [ 3686259, 12301232],
       [ 9597030,  3681846],
       [ 3036596, 14408677],
       [16776953,  8487836],
       [12758952,  3810089],
       [12101282,  8153696],
       [ 4673405,  5255471],
       [ 8149585, 10324360],
       [12425611,  3287088],
       [ 7619630, 15266045],
       [13736835,  1192072],
       [10262741,  1455496],
       [14528405,  1980808],
       [16437685,  8682928],
       [14659983,  7758216],
       [13738628,  4359159],
       [15120032,  3886477],
       [16774360, 14672376],
       [12621689,  4806282],
       [12818298,  5332627],
       [12817789,  5859487],
       [13214341, 15791359],
       [16767163,  5924766],
       [14330516,  6118285],
       [12490364,  6902119],
       [14004886, 13806251],
       [14858649,  1781620],
       [13871504,  3505133],
       [13541770, 11057888],
       [ 8806487,  7175082],
       [12949375,  2777033],
       [12883580,  2307954],
       [ 7953243, 10127785],
       [ 9003353,  1583724],
       [11436396, 12043495],
       [ 7099500,  8360634],
       [12225140,  7166037],
       [ 7503534, 13089725],
       [ 1782374,  9404800],
       [ 9464415, 13024452],
       [ 9332829, 10791379],
       [ 1517411,  1585511],
       [ 9792869,  6771798],
       [10647660, 12701425],
       [12028798, 10596049],
       [12752258,  2043744],
       [ 1386595, 13292261],
       [13803144, 12563904],
       [12028281,  4272433],
       [ 7687240, 13225708],
       [10581354,  8226477],
       [ 1324157, 13818096],
       [ 9927813,  8088428],
       [ 1322342, 13686258],
       [10383983, 13357032],
       [ 9792877,  1587063],
       [12554892,  3439597],
       [ 4816355,   925515],
       [ 3835897,  3897571],
       [ 4029416,  2173515],
       [ 2839993,  2178692],
       [ 1982350,  1779533],
       [ 1979502,  3501518],
       [ 1518432,  4223198],
       [ 1712710,  1588629],
       [ 1847916,  4420829],
       [ 1712711,  1983641],
       [ 1978466,  3892416],
       [ 2047615,  1648211],
       [ 1980022,  3893954],
       [ 1580857,  3038134],
       [ 2504810,  1321561],
       [ 1581376,  2577072],
       [ 1713740,  1979254],
       [ 1515066,  2644667],
       [ 3561119,  2171456],
       [ 1188695,  3036846],
       [  927594,  3421771],
       [ 3234482,  1450578],
       [ 1581125,  2970023],
       [ 1186620,  1654415],
       [ 2183857,  1582942],
       [ 1520231,  4352440],
       [ 1911121,  1320024],
       [ 2312334,  1580860],
       [ 1580357,  8752811],
       [ 2508943,  3883102],
       [ 1121613,  2901651],
       [ 1515593,  1845338],
       [ 2377100,  1776973],
       [ 2372191,  2179717],
       [ 1319497,  1384787],
       [ 3498947,  1383221],
       [ 1121340,  3298735],
       [ 2437726,   923444],
       [ 1580097,  1120049],
       [ 3498687,  6912161],
       [ 2439532,  1251895],
       [  398919,  8820675],
       [ 8952774,  5203087],
       [  660033,  9018313],
       [ 1582926,  7570608],
       [ 1780048,   398395],
       [ 1120045,  2572432],
       [  925527,  2709429],
       [ 1382706,   138594],
       [  729435,  3105998],
       [  792135,  1125487],
       [ 1053992,  1320281],
       [ 1382958,   860512],
       [ 1447985,  2842572],
       [ 1186092,  3234232],
       [ 1320285,  3169210],
       [ 1382957,   465754],
       [ 1317164,  2641571],
       [ 1055016,  2777033],
       [  988712,   531032],
       [ 1317165,  3563447],
       [ 1317678,   465241],
       [ 1120573,  2244485],
       [ 1119785,  1121100],
       [ 1121866,  2181016],
       [ 1119785,  3499216],
       [ 1120298,  2973899],
       [ 1382958,  1851283],
       [ 1382970,  3499990],
       [ 1186604,  1717107],
       [ 3039944,  4517567],
       [ 1054503,  3104464],
       [ 1054252,  4517567],
       [ 1120299,  4517567],
       [ 1452906,  4517567],
       [ 1120322,  4517567],
       [ 1319256,  4517567],
       [  858181,  4517567],
       [ 1321574,  4517567],
       [ 1054266,  1654155],
       [ 1453160,  1324669],
       [ 1321574,  4517567],
       [ 4517567,  1719669],
       [ 1584744,  4517567],
       [  923456,  4452287],
       [  990540,  1588108],
       [ 1322088,  4517567],
       [ 4517567,  1459318],
       [ 4517567,  4517567],
       [ 1122124,  1255006],
       [  664158,  4517567],
       [ 4517567,  1122128],
       [ 1387107,  4517567],
       [ 1326479,  1123680],
       [ 4517567,  1056849],
       [  665209,  4517567],
       [  205941,  2115225],
       [ 2184642,  4517565],
       [ 3040983,    71253],
       [ 1526705,  3234749],
       [  532331,  3368141],
       [ 3040205,   792397],
       [ 2579654,   463934],
       [ 2710987,  2774711],
       [  595009,  2381244],
       [  529217,  1719180],
       [ 3039694,   662869],
       [  661062,  1986488],
       [ 2377643,   593962],
       [  730215,  2249650],
       [ 2246813,   863356],
       [ 1059179,  2250428],
       [ 2576556,   992606],
       [ 1060985,  2246562],
       [ 1785741, 11975355]])