array([[16777215, 16777215],
       [16777215, 16777215],
       [16777215, 16777215],
       [16777215, 16777215],
       [16777215, 16777215],
       [16777215, 16777215],
       [16777215, 16777215],
       [16777215, 16777215],
       [16777215, 16777215],
       [16777215, 16777215],
       [16777215, 16777215],
       [16777215, 16777215],
       [16777215, 16777215],
       [16777215, 16777215],
       [16777215, 16777215],
       [16777215, 16777215],
       [16777215, 16777215],
       [16777215, 16777215],
       [16711422, 16777215],
       [16777215, 16777215],
       [16777215, 16777215],
       [16777215, 16777215],
       [16777215, 16777215],
       [16777213, 16777215],
       [16777215, 16777215],
       [16777215, 16777215],
       [16777215, 16777215],
       [16777215, 16777215],
       [16777215, 16777215],
       [16777215, 16777215],
       [16777215, 16777215],
       [16777215, 16777215],
       [16777215, 16777215],
       [16777215, 16777215],
       [16777215, 16777215],
       [16777215, 16777215],
       [16777215, 16777215],
       [16777215, 16777215],
       [16777215, 16777215],
       [16777215, 16777215],
       [16777211, 16777215],
       [16777211, 16777215],
       [16777211, 16711422],
       [16777211, 16777213],
       [16777213, 16711422],
       [16776953, 16777213],
       [16645880, 16645627],
       [15724778, 16711420],
       [15657180, 16776439],
       [14736593, 16777211],
       [15132382, 16579323],
       [16711420, 16777215],
       [16777215, 16777215],
       [16777213, 16711679],
       [16711673, 16777215],
       [16711673, 16711422],
       [16777215, 16777213],
       [16711679, 16777213],
       [16711420, 16711420],
       [16711420, 16777213],
       [16777213, 16777215],
       [16777213, 16777215],
       [16711677, 16777213],
       [16711679, 16777213],
       [16777215, 16777213],
       [16777215, 16777213],
       [16777215, 16777213],
       [16777215, 16777213],
       [16711679, 16777215],
       [16711679, 16711679],
       [16776703, 16710911],
       [16776703, 16711422],
       [16777213, 16777215],
       [16777213, 16711422],
       [16777213, 16711422],
       [16777213, 16711420],
       [16711677, 16711422],
       [16711420, 16777215],
       [16777213, 16777215],
       [16777213, 16777215],
       [16711679, 16777213],
       [16711679, 16777213],
       [16711679, 16777213],
       [16711679, 16777215],
       [16711679, 16777215],
       [16777215, 16777215],
       [16777215, 16777215],
       [16777215, 16777215],
       [16711422, 16777215],
       [16777215, 16711422],
       [16776959, 16777215],
       [16777215, 16777215],
       [16777215, 16777213],
       [16777215, 16711420],
       [16777215, 16711420],
       [16776702, 16777213],
       [16711422, 16777213],
       [16777215, 16777215],
       [16777215, 16777213],
       [16777215, 16777213],
       [16777215, 16777213],
       [16777215, 16777213],
       [16777215, 16777211],
       [16777211, 16777213],
       [16777213, 16777213],
       [16777213, 16777215],
       [16777215, 16777215],
       [16777213, 16777215],
       [16777213, 16711422],
       [16777213, 16711422],
       [16777213, 16711422],
       [16777213, 16711422],
       [16777211, 16777215],
       [16777213, 16711422],
       [16777215, 16777215],
       [16777215, 16711422],
       [16580607, 16711422],
       [16711679, 16777215],
       [16711679, 16777215],
       [16777215, 16777215],
       [16777215, 16777213],
       [16777215, 16777213],
       [16777215, 16777213],
       [16777215, 16777213],
       [16777215, 16777213],
       [16777215, 16777213],
       [16777215, 16777213],
       [16777215, 16777213],
       [16777215, 16777215],
       [16777215, 16777215],
       [16777215, 16777215],
       [16777215, 16777215],
       [16777215, 16777215],
       [16777215, 16777215],
       [16777215, 16777215],
       [16777215, 16777215],
       [16777215, 16777211],
       [16777213, 16777211],
       [16777213, 16777211],
       [16777213, 16777211],
       [16711420, 16777211],
       [16645627, 16777211],
       [16711420, 16711674],
       [16711674, 16711673],
       [16711673, 16777213],
       [16777207, 16711673],
       [16645880, 16646138],
       [16580345, 16646140],
       [16711669, 16711412],
       [15392462, 15262159],
       [10785667, 10259583],
       [10261129, 12827056],
       [16711422, 16777213],
       [16777215, 16711420],
       [16711422, 16711420],
       [16777215, 16777213],
       [16777215, 16777213],
       [16777215, 16777213],
       [16777215, 16777213],
       [16777215, 16777213],
       [16777213, 16777215],
       [16777211, 16777215],
       [16777207, 16777213],
       [16711410, 16711161],
       [16317157, 16646137],
       [16382433, 16711669],
       [16776930, 16777203],
       [16580062, 16776435],
       [16711398, 16711412],
       [16711396, 16646129],
       [16777187, 16711410],
       [16777181, 16777202],
       [16711394, 16711410],
       [16776937, 16711669],
       [16710893, 16711673],
       [16711410, 16711674],
       [16711673, 16776954],
       [16250861, 16250863],
       [15856356, 15921896],
       [15987689, 15987687],
       [16053482, 16250091],
       [15922409, 16053484],
       [15922149, 15987689],
       [15856614, 15921896],
       [15725030, 15856362],
       [15921896, 15988202],
       [16052201, 15921128],
       [16117994, 15922409],
       [15856616, 14873054],
       [14414300, 11916217],
       [11788479,  9025684],
       [ 8898718,  8240018],
       [ 8569501,  8176021],
       [ 8700571,  7978131],
       [ 8240273,  8108432],
       [ 8174225,  7846543],
       [ 8043411,  7714957],
       [ 8043921,  7649166],
       [ 7649166,  7779471],
       [ 8108436,  7976337],
       [ 8960924,  7910546],
       [10075291, 10666399],
       [13152922, 14466211],
       [14585475, 15043458],
       [14714240, 15107452],
       [14386815, 14648700],
       [14583165, 14649213],
       [14581880, 14648184],
       [14253943, 14515832],
       [14385529, 14646644],
       [14581625, 14712948],
       [14516344, 14580851],
       [14516344, 14712435],
       [14450551, 14712437],
       [14319735, 14581108],
       [14450039, 14712437],
       [14975868, 14121840],
       [14910845, 14253424],
       [14713466, 14385012],
       [14713464, 14318706],
       [14581625, 14253940],
       [14451321, 14122356],
       [14253426, 14122354],
       [14253172, 14122354],
       [14383478, 14121586],
       [14317685, 14121838],
       [14448242, 14121840],
       [14120046, 14056047],
       [14186352, 13793391],
       [14185840, 13727598],
       [14054000, 13661806],
       [13988207, 13858415],
       [13922927, 13792109],
       [13791341, 13923180],
       [13857387, 13660523],
       [13988974, 13594730],
       [13923181, 13792109],
       [13923181, 13594985],
       [13857387, 13594985],
       [14054253, 13923180],
       [13726318, 13594730],
       [13857387, 13726569],
       [13727082, 13399146],
       [14054767, 13791341],
       [14120559, 13595243],
       [13661289, 13398633],
       [13400174, 13334127],
       [14855589, 14592935],
       [14339267, 14800075],
       [14472651, 14407628],
       [14079690, 14342862],
       [14409167, 14277582],
       [ 9211523, 11119005],
       [12369587, 12434867],
       [ 8224885, 10856094],
       [12436407, 12765372],
       [ 8553850,  9014144],
       [13356482, 13619652]])